TF =
 
     32.98 s^2 + 2.929e-14 s - 1166
  -------------------------------------
  s^4 + 17.54 s^3 - 62.27 s^2 - 620.5 s